1
2
4
5
6
7
8
9
10
11
12
13
14
15
16
17
19
20
21
24
25
26
28
29
30
33
34
35
36
37
38
39
40
41
42
43
44
45
46
47
49
50
51
53
56
57
58
60
61
62
63
64
65
66
68
69
70
72
74
75
76
79
80
81
82
84
85
86
88
89
90
91
92
93
94
95
97
98
99
100
101
104
105
106
107
108
110
111
112
113
114
117
118
119
120
124
128
129
130
132
133
134
135
136
137
138
139
141
142
143
144
145
146
147
153
154
155
157
159
161
162
163
164
166
169
170
171
172
173
175
178
179
180
183
188
189
190
191
192
193
195
197
198
199
200
201
202
203
204
205
206
207
208
209
211
212
214
216
217
218
219
220
225
226
227
228
229
231
232
233
234
236
237
239
240
242
243
244
245
246
247
249
250
251
252
253
255
256
257
258
259
260
261
262
263
264
265
266
268
270
271
272
273
274
275
276
277
278
279
280
283
284
285
286
287
288
289
290
291
293
296
297
298
299
300
301
302
