1
2
3
4
5
10
11
12
13
15
16
18
19
20
21
22
23
24
26
27
28
31
32
33
34
35
38
40
41
43
44
45
46
47
48
49
50
52
53
54
55
56
57
58
59
60
61
62
63
65
67
68
69
70
71
72
73
74
75
76
77
78
80
81
82
83
84
86
87
89
90
91
93
94
96
98
100
101
102
103
104
105
106
107
109
110
111
112
114
115
116
118
121
122
123
124
125
126
127
128
129
130
131
132
140
143
144
145
146
147
148
149
150
151
152
154
156
160
162
163
164
165
167
168
169
172
174
175
176
177
178
180
181
182
183
184
185
186
187
188
189
192
193
194
195
196
197
200
202
205
206
207
208
209
210
213
214
215
216
218
220
221
222
223
224
226
227
230
231
234
235
237
238
240
241
245
246
248
249
250
251
252
253
254
255
256
257
258
259
260
261
262
263
264
265
267
268
269
270
271
272
273
274
275
276
277
278
279
281
282
283
285
287
288
289
290
291
292
293
294
295
296
298
299
300
301
302
