2
3
5
6
7
8
9
12
14
15
16
17
18
19
21
22
23
25
27
29
30
31
32
36
37
39
40
41
42
43
44
46
47
48
51
52
54
55
56
57
58
59
61
62
64
66
67
69
70
71
73
74
75
76
77
78
79
81
82
83
85
86
87
88
89
91
92
95
96
97
99
100
101
102
103
105
108
109
111
113
115
116
117
118
119
120
121
122
123
125
126
127
129
131
132
133
134
135
136
137
138
139
140
141
142
144
145
147
148
149
150
151
152
153
154
156
157
158
159
160
161
162
165
166
167
168
170
171
172
173
174
176
177
179
181
182
184
185
186
187
188
190
191
192
194
195
196
197
198
199
200
201
202
203
204
205
206
207
208
210
211
212
213
214
215
216
217
218
219
220
221
222
223
224
225
227
228
229
230
231
232
233
234
235
236
238
239
241
242
243
244
247
248
250
254
258
260
265
266
267
269
270
272
273
274
275
276
278
279
280
281
282
284
286
288
290
291
292
294
295
296
297
298
299
300
301
302
